0 0.18408203125 0.42615740740740743 0.09814453125 0.18287037037037038
0 0.076416015625 0.7032407407407407 0.1318359375 0.2675925925925926
0 0.38818359375 0.48564814814814816 0.13427734375 0.2138888888888889
0 0.535888671875 0.6655092592592593 0.13427734375 0.33564814814814814
0 0.3875732421875 0.32708333333333334 0.084228515625 0.16064814814814815
0 0.4678955078125 0.31157407407407406 0.092041015625 0.19907407407407407
1 0.74658203125 0.47453703703703703 0.0927734375 0.08796296296296297
1 0.4461669921875 0.5833333333333334 0.074462890625 0.06944444444444445
2 0.4935302734375 0.3925925925925926 0.013916015625 0.02777777777777778
2 0.1468505859375 0.5111111111111112 0.023681640625 0.022222222222222223
